null#
# M e s s w e r t t a b e l l e  der Reihen:
#
# en___Apache_ZooKeeper_BIN=24_log10 [365,365] Werte
#
#
Y	Y	
0.0000	2.1931	
1.0000	2.1399	
2.0000	2.1399	
3.0000	2.0645	
4.0000	2.0334	
5.0000	1.9731	
6.0000	1.9345	
7.0000	1.9031	
8.0000	1.9031	
9.0000	1.8976	
10.0000	1.8388	
11.0000	1.8261	
12.0000	1.7634	
13.0000	1.7853	
14.0000	1.7924	
15.0000	1.7482	
16.0000	1.7404	
17.0000	1.7160	
18.0000	1.6628	
19.0000	1.5911	
20.0000	1.6532	
21.0000	1.6232	
22.0000	1.5911	
23.0000	1.6128	
24.0000	1.6532	
25.0000	1.5682	
26.0000	1.5682	
27.0000	1.6128	
28.0000	1.5798	
29.0000	1.5563	
30.0000	1.5798	
31.0000	1.5798	
32.0000	1.4914	
33.0000	1.5441	
34.0000	1.5185	
35.0000	1.5682	
36.0000	1.0414	
37.0000	0.0000	
38.0000	1.3010	
39.0000	1.5798	
40.0000	1.5185	
41.0000	1.4914	
42.0000	1.5798	
43.0000	1.5441	
44.0000	1.5682	
45.0000	1.5798	
46.0000	1.5315	
47.0000	1.5315	
48.0000	1.6532	
49.0000	1.5441	
50.0000	1.5185	
51.0000	1.5682	
52.0000	1.5563	
53.0000	1.5911	
54.0000	1.6435	
55.0000	1.5563	
56.0000	1.5441	
57.0000	1.6128	
58.0000	1.6021	
59.0000	1.5563	
60.0000	1.5185	
61.0000	1.0792	
62.0000	0.6990	
63.0000	0.0000	
64.0000	0.6021	
65.0000	0.0000	
66.0000	0.0000	
67.0000	0.0000	
68.0000	0.4771	
69.0000	0.3010	
70.0000	0.3010	
71.0000	0.0000	
72.0000	0.0000	
73.0000	0.0000	
74.0000	0.4771	
75.0000	0.0000	
76.0000	0.0000	
77.0000	0.0000	
78.0000	0.3010	
79.0000	0.0000	
80.0000	0.0000	
81.0000	0.0000	
82.0000	0.0000	
83.0000	0.0000	
84.0000	0.6990	
85.0000	0.0000	
86.0000	0.0000	
87.0000	0.0000	
88.0000	0.4771	
89.0000	0.3010	
90.0000	0.0000	
91.0000	0.4771	
92.0000	0.0000	
93.0000	0.0000	
94.0000	0.0000	
95.0000	0.3010	
96.0000	0.0000	
97.0000	0.3010	
98.0000	0.3010	
99.0000	0.3010	
100.0000	0.0000	
101.0000	0.0000	
102.0000	0.3010	
103.0000	0.3010	
104.0000	0.0000	
105.0000	0.4771	
106.0000	0.4771	
107.0000	0.0000	
108.0000	0.3010	
109.0000	0.0000	
110.0000	0.0000	
111.0000	0.0000	
112.0000	0.0000	
113.0000	0.4771	
114.0000	0.4771	
115.0000	0.4771	
116.0000	0.3010	
117.0000	0.7782	
118.0000	0.0000	
119.0000	0.4771	
120.0000	0.3010	
121.0000	0.0000	
122.0000	0.3010	
123.0000	0.0000	
124.0000	0.0000	
125.0000	0.6021	
126.0000	0.3010	
127.0000	0.3010	
128.0000	0.0000	
129.0000	0.0000	
130.0000	0.0000	
131.0000	0.0000	
132.0000	0.0000	
133.0000	0.0000	
134.0000	0.0000	
135.0000	0.3010	
136.0000	0.3010	
137.0000	0.0000	
138.0000	0.0000	
139.0000	0.0000	
140.0000	0.0000	
141.0000	0.0000	
142.0000	0.0000	
143.0000	0.0000	
144.0000	0.6021	
145.0000	0.3010	
146.0000	0.0000	
147.0000	0.6021	
148.0000	0.7782	
149.0000	0.3010	
150.0000	0.0000	
151.0000	0.3010	
152.0000	0.3010	
153.0000	0.6990	
154.0000	0.3010	
155.0000	0.4771	
156.0000	0.0000	
157.0000	0.6021	
158.0000	0.0000	
159.0000	0.0000	
160.0000	0.0000	
161.0000	0.6990	
162.0000	0.6021	
163.0000	0.0000	
164.0000	0.4771	
165.0000	0.7782	
166.0000	0.8451	
167.0000	0.7782	
168.0000	0.7782	
169.0000	0.6990	
170.0000	0.7782	
171.0000	0.6021	
172.0000	0.6021	
173.0000	0.7782	
174.0000	0.7782	
175.0000	0.4771	
176.0000	0.9542	
177.0000	0.0000	
178.0000	0.0000	
179.0000	1.0000	
180.0000	0.6990	
181.0000	0.6021	
182.0000	0.6021	
183.0000	0.6021	
184.0000	0.7782	
185.0000	0.3010	
186.0000	0.4771	
187.0000	1.0414	
188.0000	0.3010	
189.0000	0.7782	
190.0000	0.9031	
191.0000	0.0000	
192.0000	0.3010	
193.0000	0.7782	
194.0000	0.6990	
195.0000	0.9031	
196.0000	0.0000	
197.0000	0.0000	
198.0000	0.6021	
199.0000	0.6021	
200.0000	0.4771	
201.0000	0.6990	
202.0000	1.2041	
203.0000	0.7782	
204.0000	0.9031	
205.0000	0.6021	
206.0000	0.3010	
207.0000	0.4771	
208.0000	0.4771	
209.0000	0.3010	
210.0000	0.0000	
211.0000	0.4771	
212.0000	0.3010	
213.0000	0.0000	
214.0000	0.6021	
215.0000	0.7782	
216.0000	0.8451	
217.0000	0.6021	
218.0000	0.0000	
219.0000	0.0000	
220.0000	0.4771	
221.0000	0.6021	
222.0000	0.6990	
223.0000	0.9542	
224.0000	1.0792	
225.0000	0.6021	
226.0000	0.8451	
227.0000	0.4771	
228.0000	0.6990	
229.0000	0.6021	
230.0000	0.7782	
231.0000	0.6021	
232.0000	0.4771	
233.0000	0.4771	
234.0000	0.0000	
235.0000	0.6990	
236.0000	0.7782	
237.0000	0.0000	
238.0000	0.6990	
239.0000	0.4771	
240.0000	0.0000	
241.0000	0.0000	
242.0000	0.0000	
243.0000	0.6990	
244.0000	0.0000	
245.0000	0.7782	
246.0000	0.4771	
247.0000	0.6990	
248.0000	0.6990	
249.0000	0.7782	
250.0000	0.0000	
251.0000	0.0000	
252.0000	0.3010	
253.0000	0.6990	
254.0000	0.9031	
255.0000	0.0000	
256.0000	0.0000	
257.0000	0.9542	
258.0000	0.6990	
259.0000	0.8451	
260.0000	1.0000	
261.0000	0.9031	
262.0000	0.0000	
263.0000	0.0000	
264.0000	0.0000	
265.0000	0.0000	
266.0000	0.0000	
267.0000	0.0000	
268.0000	0.0000	
269.0000	0.0000	
270.0000	0.0000	
271.0000	0.0000	
272.0000	0.0000	
273.0000	0.6021	
274.0000	0.7782	
275.0000	0.0000	
276.0000	0.6021	
277.0000	0.0000	
278.0000	0.9031	
279.0000	0.7782	
280.0000	0.3010	
281.0000	0.6021	
282.0000	0.4771	
283.0000	0.6990	
284.0000	0.6021	
285.0000	0.9031	
286.0000	0.9031	
287.0000	0.0000	
288.0000	0.6990	
289.0000	0.4771	
290.0000	0.0000	
291.0000	0.6990	
292.0000	0.7782	
293.0000	0.6990	
294.0000	0.6021	
295.0000	0.9031	
296.0000	0.7782	
297.0000	0.3010	
298.0000	0.4771	
299.0000	0.4771	
300.0000	0.6021	
301.0000	0.6021	
302.0000	0.0000	
303.0000	0.0000	
304.0000	0.6021	
305.0000	0.3010	
306.0000	0.9031	
307.0000	0.6021	
308.0000	0.6021	
309.0000	0.3010	
310.0000	0.3010	
311.0000	0.0000	
312.0000	0.9031	
313.0000	0.4771	
314.0000	0.4771	
315.0000	0.7782	
316.0000	0.4771	
317.0000	0.4771	
318.0000	0.0000	
319.0000	0.6990	
320.0000	0.7782	
321.0000	0.7782	
322.0000	0.4771	
323.0000	0.6021	
324.0000	0.0000	
325.0000	0.0000	
326.0000	0.0000	
327.0000	0.3010	
328.0000	0.6990	
329.0000	0.6021	
330.0000	0.4771	
331.0000	0.0000	
332.0000	0.4771	
333.0000	0.0000	
334.0000	0.7782	
335.0000	0.6021	
336.0000	0.7782	
337.0000	0.4771	
338.0000	0.0000	
339.0000	0.6990	
340.0000	0.0000	
341.0000	0.6021	
342.0000	0.6990	
343.0000	0.3010	
344.0000	0.3010	
345.0000	0.0000	
346.0000	0.3010	
347.0000	0.6021	
348.0000	0.3010	
349.0000	0.6021	
350.0000	0.9031	
351.0000	0.6990	
352.0000	0.6021	
353.0000	0.0000	
354.0000	0.6990	
355.0000	0.7782	
356.0000	0.3010	
357.0000	0.4771	
358.0000	0.0000	
359.0000	0.0000	
360.0000	0.3010	
361.0000	0.4771	
362.0000	0.0000	
363.0000	0.4771	
364.0000	0.6990	
