null#
# M e s s w e r t t a b e l l e  der Reihen:
#
# en___Apache_Mahout_BIN=24_log10 [365,365] Werte
#
#
Y	Y	
0.0000	0.9031	
1.0000	1.1461	
2.0000	0.9542	
3.0000	1.2041	
4.0000	1.4771	
5.0000	1.4314	
6.0000	1.4624	
7.0000	1.4314	
8.0000	1.4150	
9.0000	1.3424	
10.0000	1.6532	
11.0000	1.7924	
12.0000	1.5441	
13.0000	1.5563	
14.0000	1.5563	
15.0000	1.4624	
16.0000	1.4314	
17.0000	1.4314	
18.0000	1.6021	
19.0000	1.5911	
20.0000	1.5682	
21.0000	1.6232	
22.0000	0.4771	
23.0000	0.0000	
24.0000	1.6628	
25.0000	1.7243	
26.0000	1.3979	
27.0000	1.9031	
28.0000	1.5315	
29.0000	1.3424	
30.0000	1.3802	
31.0000	1.5682	
32.0000	1.6021	
33.0000	1.6721	
34.0000	1.6812	
35.0000	1.6435	
36.0000	1.3979	
37.0000	1.4150	
38.0000	1.4624	
39.0000	1.6435	
40.0000	1.6812	
41.0000	1.6721	
42.0000	1.6021	
43.0000	1.2553	
44.0000	1.4472	
45.0000	1.5051	
46.0000	1.6435	
47.0000	1.6128	
48.0000	1.6435	
49.0000	1.6532	
50.0000	1.4314	
51.0000	1.3424	
52.0000	1.7993	
53.0000	1.7993	
54.0000	1.6532	
55.0000	1.6128	
56.0000	1.5682	
57.0000	1.3222	
58.0000	1.5051	
59.0000	1.5911	
60.0000	1.6435	
61.0000	1.7160	
62.0000	1.6628	
63.0000	1.6021	
64.0000	1.4472	
65.0000	1.5563	
66.0000	1.4914	
67.0000	1.6990	
68.0000	1.8062	
69.0000	1.7482	
70.0000	1.8451	
71.0000	1.6435	
72.0000	1.5441	
73.0000	1.7559	
74.0000	1.6902	
75.0000	1.7482	
76.0000	1.6532	
77.0000	1.7404	
78.0000	2.1139	
79.0000	1.5911	
80.0000	1.5441	
81.0000	1.7924	
82.0000	1.8976	
83.0000	1.7993	
84.0000	1.6990	
85.0000	1.7634	
86.0000	1.5911	
87.0000	1.6435	
88.0000	1.7709	
89.0000	1.7160	
90.0000	1.7482	
91.0000	1.6532	
92.0000	1.6232	
93.0000	1.5441	
94.0000	1.7559	
95.0000	1.7709	
96.0000	1.6990	
97.0000	1.8261	
98.0000	1.7634	
99.0000	1.4624	
100.0000	1.6232	
101.0000	1.7482	
102.0000	1.7243	
103.0000	1.8388	
104.0000	1.7853	
105.0000	1.8451	
106.0000	1.6435	
107.0000	1.5185	
108.0000	1.7482	
109.0000	1.7924	
110.0000	1.7324	
111.0000	1.7993	
112.0000	1.8388	
113.0000	1.7160	
114.0000	1.7243	
115.0000	1.6902	
116.0000	1.7782	
117.0000	1.7482	
118.0000	1.7924	
119.0000	1.7709	
120.0000	1.6128	
121.0000	1.6021	
122.0000	1.6128	
123.0000	1.6902	
124.0000	1.9138	
125.0000	1.7993	
126.0000	1.7160	
127.0000	1.5682	
128.0000	1.4624	
129.0000	1.6232	
130.0000	1.6232	
131.0000	1.8261	
132.0000	1.4914	
133.0000	1.8261	
134.0000	1.5315	
135.0000	1.4624	
136.0000	1.7404	
137.0000	1.7324	
138.0000	1.3424	
139.0000	1.6628	
140.0000	1.6990	
141.0000	1.5315	
142.0000	1.3222	
143.0000	1.6435	
144.0000	1.6232	
145.0000	1.6232	
146.0000	1.5315	
147.0000	1.5051	
148.0000	1.4472	
149.0000	1.4624	
150.0000	1.6232	
151.0000	1.6335	
152.0000	1.5911	
153.0000	1.7160	
154.0000	1.7076	
155.0000	1.4472	
156.0000	1.4624	
157.0000	1.6128	
158.0000	1.6990	
159.0000	1.6232	
160.0000	1.4914	
161.0000	1.2788	
162.0000	0.9542	
163.0000	0.6990	
164.0000	1.1139	
165.0000	1.2788	
166.0000	1.2304	
167.0000	1.7782	
168.0000	1.5682	
169.0000	1.5051	
170.0000	1.4624	
171.0000	1.5682	
172.0000	1.6628	
173.0000	1.6990	
174.0000	1.5563	
175.0000	1.5563	
176.0000	1.3617	
177.0000	1.0000	
178.0000	1.4314	
179.0000	1.5563	
180.0000	1.6721	
181.0000	1.6021	
182.0000	1.6435	
183.0000	1.4624	
184.0000	1.4314	
185.0000	0.8451	
186.0000	1.6721	
187.0000	1.2788	
188.0000	0.0000	
189.0000	0.0000	
190.0000	1.2788	
191.0000	1.4472	
192.0000	1.5911	
193.0000	1.4771	
194.0000	1.4472	
195.0000	1.5563	
196.0000	1.5051	
197.0000	1.4771	
198.0000	1.3802	
199.0000	1.4914	
200.0000	1.5798	
201.0000	1.5798	
202.0000	1.7634	
203.0000	1.7993	
204.0000	1.5682	
205.0000	1.5185	
206.0000	1.6812	
207.0000	1.5315	
208.0000	1.6435	
209.0000	1.7993	
210.0000	1.6021	
211.0000	1.4472	
212.0000	1.6021	
213.0000	1.8062	
214.0000	1.6990	
215.0000	1.7160	
216.0000	1.7482	
217.0000	1.7782	
218.0000	1.3617	
219.0000	1.3617	
220.0000	1.7160	
221.0000	1.7404	
222.0000	1.6628	
223.0000	1.7404	
224.0000	1.6902	
225.0000	1.4472	
226.0000	1.5315	
227.0000	1.6021	
228.0000	1.6902	
229.0000	1.7076	
230.0000	1.8633	
231.0000	1.6232	
232.0000	1.5051	
233.0000	1.5185	
234.0000	1.7559	
235.0000	1.6812	
236.0000	1.7782	
237.0000	1.7324	
238.0000	1.7404	
239.0000	1.5682	
240.0000	1.5315	
241.0000	1.7160	
242.0000	1.7160	
243.0000	1.8195	
244.0000	1.7243	
245.0000	1.6628	
246.0000	1.6232	
247.0000	1.6435	
248.0000	1.7076	
249.0000	1.7853	
250.0000	1.7482	
251.0000	1.8195	
252.0000	1.7324	
253.0000	1.4914	
254.0000	1.5563	
255.0000	1.8195	
256.0000	1.8573	
257.0000	1.8451	
258.0000	1.8451	
259.0000	1.7924	
260.0000	1.6721	
261.0000	1.7559	
262.0000	1.7482	
263.0000	1.7243	
264.0000	1.6990	
265.0000	1.7924	
266.0000	1.8062	
267.0000	1.5563	
268.0000	1.5563	
269.0000	1.7076	
270.0000	1.7709	
271.0000	1.7993	
272.0000	1.8195	
273.0000	1.6532	
274.0000	1.6335	
275.0000	1.5051	
276.0000	1.7404	
277.0000	1.7709	
278.0000	1.7634	
279.0000	1.8751	
280.0000	1.9138	
281.0000	1.5682	
282.0000	1.4472	
283.0000	1.6902	
284.0000	1.8451	
285.0000	1.8692	
286.0000	1.7709	
287.0000	1.7076	
288.0000	1.6435	
289.0000	1.6628	
290.0000	1.7324	
291.0000	1.7559	
292.0000	1.8062	
293.0000	1.7160	
294.0000	1.7076	
295.0000	1.5563	
296.0000	1.5563	
297.0000	1.8062	
298.0000	1.8451	
299.0000	1.6812	
300.0000	1.6335	
301.0000	1.7243	
302.0000	1.5563	
303.0000	1.6232	
304.0000	1.7709	
305.0000	1.8062	
306.0000	1.8388	
307.0000	1.9395	
308.0000	1.8808	
309.0000	1.5798	
310.0000	1.6532	
311.0000	1.9031	
312.0000	1.7076	
313.0000	1.7076	
314.0000	1.7634	
315.0000	1.7709	
316.0000	1.5441	
317.0000	1.6335	
318.0000	1.7924	
319.0000	1.7853	
320.0000	1.7559	
321.0000	1.7404	
322.0000	1.6628	
323.0000	1.5798	
324.0000	1.5798	
325.0000	1.7709	
326.0000	1.6532	
327.0000	1.7482	
328.0000	1.5798	
329.0000	1.6335	
330.0000	1.4771	
331.0000	1.4472	
332.0000	1.7160	
333.0000	1.3222	
334.0000	1.6435	
335.0000	1.6812	
336.0000	1.6628	
337.0000	1.5682	
338.0000	1.5185	
339.0000	1.6021	
340.0000	1.7076	
341.0000	1.7404	
342.0000	1.7404	
343.0000	1.4914	
344.0000	1.4472	
345.0000	1.3979	
346.0000	1.6335	
347.0000	1.8129	
348.0000	1.7404	
349.0000	1.8195	
350.0000	1.5798	
351.0000	1.6532	
352.0000	1.5563	
353.0000	1.7782	
354.0000	1.5911	
355.0000	1.7709	
356.0000	1.6532	
357.0000	1.4914	
358.0000	1.3222	
359.0000	1.4472	
360.0000	1.3617	
361.0000	1.5798	
362.0000	1.5051	
363.0000	1.5911	
364.0000	1.4472	
