null#
# M e s s w e r t t a b e l l e  der Reihen:
#
# en___Apache_Solr_BIN=24_log10 [365,365] Werte
#
#
Y	Y	
0.0000	1.3802	
1.0000	1.4771	
2.0000	1.5798	
3.0000	2.0828	
4.0000	1.8692	
5.0000	1.8921	
6.0000	1.9445	
7.0000	2.0086	
8.0000	1.6628	
9.0000	1.4624	
10.0000	1.8692	
11.0000	1.9777	
12.0000	1.9494	
13.0000	1.8633	
14.0000	1.9085	
15.0000	1.6902	
16.0000	1.5441	
17.0000	1.9494	
18.0000	1.9445	
19.0000	1.9956	
20.0000	2.1038	
21.0000	2.0334	
22.0000	0.7782	
23.0000	0.0000	
24.0000	1.9494	
25.0000	1.9345	
26.0000	1.9731	
27.0000	1.9445	
28.0000	1.8865	
29.0000	1.6812	
30.0000	1.6532	
31.0000	2.0170	
32.0000	1.9823	
33.0000	2.0755	
34.0000	1.9868	
35.0000	1.9542	
36.0000	1.6232	
37.0000	1.7160	
38.0000	1.8388	
39.0000	2.0899	
40.0000	1.9868	
41.0000	1.9191	
42.0000	2.0531	
43.0000	1.6128	
44.0000	1.6128	
45.0000	1.8865	
46.0000	2.0531	
47.0000	1.9345	
48.0000	2.0253	
49.0000	1.8513	
50.0000	1.5563	
51.0000	1.6128	
52.0000	1.9445	
53.0000	2.0374	
54.0000	1.8573	
55.0000	1.9395	
56.0000	1.9138	
57.0000	1.7853	
58.0000	1.6990	
59.0000	2.0170	
60.0000	2.0000	
61.0000	1.9494	
62.0000	2.0294	
63.0000	1.9191	
64.0000	1.6721	
65.0000	1.6232	
66.0000	1.9445	
67.0000	1.9243	
68.0000	1.9868	
69.0000	1.9868	
70.0000	1.9912	
71.0000	1.7709	
72.0000	1.5682	
73.0000	2.0492	
74.0000	1.9445	
75.0000	2.0828	
76.0000	2.0086	
77.0000	2.0043	
78.0000	2.0645	
79.0000	1.7853	
80.0000	1.8692	
81.0000	2.0492	
82.0000	2.0128	
83.0000	1.9912	
84.0000	1.9345	
85.0000	1.7076	
86.0000	1.6628	
87.0000	1.9638	
88.0000	2.0453	
89.0000	1.9395	
90.0000	1.8976	
91.0000	1.7709	
92.0000	1.6021	
93.0000	1.4914	
94.0000	1.8692	
95.0000	1.9345	
96.0000	2.0792	
97.0000	1.9823	
98.0000	1.9345	
99.0000	1.7324	
100.0000	1.6628	
101.0000	1.9912	
102.0000	1.9445	
103.0000	2.0453	
104.0000	1.9590	
105.0000	1.9494	
106.0000	1.8062	
107.0000	1.7993	
108.0000	2.0253	
109.0000	2.1106	
110.0000	2.0453	
111.0000	2.0755	
112.0000	2.1430	
113.0000	1.8062	
114.0000	1.7482	
115.0000	1.9823	
116.0000	1.8976	
117.0000	2.0492	
118.0000	2.0755	
119.0000	1.9868	
120.0000	1.7559	
121.0000	1.6021	
122.0000	1.9912	
123.0000	1.9191	
124.0000	2.0170	
125.0000	1.9031	
126.0000	2.0253	
127.0000	1.6021	
128.0000	1.6232	
129.0000	2.0043	
130.0000	2.0294	
131.0000	2.0414	
132.0000	1.8573	
133.0000	2.0645	
134.0000	1.9031	
135.0000	1.6335	
136.0000	2.0569	
137.0000	2.0128	
138.0000	1.9868	
139.0000	2.0569	
140.0000	1.9956	
141.0000	1.7993	
142.0000	1.6628	
143.0000	1.9542	
144.0000	2.0569	
145.0000	1.9542	
146.0000	1.9638	
147.0000	1.9494	
148.0000	1.8195	
149.0000	1.6021	
150.0000	1.9777	
151.0000	1.9494	
152.0000	1.9956	
153.0000	2.0645	
154.0000	1.9823	
155.0000	1.7076	
156.0000	1.4771	
157.0000	2.0899	
158.0000	2.0170	
159.0000	2.0043	
160.0000	1.9590	
161.0000	1.6721	
162.0000	1.0792	
163.0000	0.8451	
164.0000	1.1139	
165.0000	1.7076	
166.0000	1.7993	
167.0000	1.9777	
168.0000	1.9345	
169.0000	1.7243	
170.0000	1.4914	
171.0000	1.9956	
172.0000	1.9395	
173.0000	2.1072	
174.0000	1.7993	
175.0000	1.7709	
176.0000	1.6232	
177.0000	1.2553	
178.0000	1.6990	
179.0000	1.9823	
180.0000	1.9823	
181.0000	1.9445	
182.0000	2.0000	
183.0000	1.7853	
184.0000	1.4771	
185.0000	1.4624	
186.0000	1.9243	
187.0000	1.5185	
188.0000	0.0000	
189.0000	0.0000	
190.0000	1.2788	
191.0000	1.3424	
192.0000	1.8388	
193.0000	2.0170	
194.0000	1.9542	
195.0000	1.9243	
196.0000	1.9085	
197.0000	1.5682	
198.0000	1.4771	
199.0000	1.9395	
200.0000	1.7993	
201.0000	1.9243	
202.0000	2.0828	
203.0000	2.0414	
204.0000	1.7709	
205.0000	1.7243	
206.0000	2.0755	
207.0000	2.0374	
208.0000	2.0792	
209.0000	2.1732	
210.0000	2.0899	
211.0000	1.7324	
212.0000	1.5911	
213.0000	2.0864	
214.0000	2.0569	
215.0000	2.1673	
216.0000	2.1271	
217.0000	2.0569	
218.0000	1.6335	
219.0000	1.6435	
220.0000	2.0569	
221.0000	2.2227	
222.0000	2.1271	
223.0000	2.1584	
224.0000	2.1004	
225.0000	1.5911	
226.0000	1.8325	
227.0000	2.0569	
228.0000	2.1139	
229.0000	2.1644	
230.0000	2.1430	
231.0000	2.0253	
232.0000	1.6335	
233.0000	1.6721	
234.0000	2.1761	
235.0000	2.1732	
236.0000	2.0864	
237.0000	2.1732	
238.0000	2.1673	
239.0000	1.6902	
240.0000	1.7243	
241.0000	2.1523	
242.0000	2.2201	
243.0000	2.2122	
244.0000	2.2355	
245.0000	2.0934	
246.0000	1.7709	
247.0000	1.6435	
248.0000	2.0086	
249.0000	2.2227	
250.0000	2.1523	
251.0000	2.1173	
252.0000	2.0682	
253.0000	1.7924	
254.0000	1.7993	
255.0000	2.1644	
256.0000	2.1673	
257.0000	2.2480	
258.0000	2.2577	
259.0000	2.0969	
260.0000	1.5682	
261.0000	1.7993	
262.0000	2.1430	
263.0000	2.2095	
264.0000	2.1614	
265.0000	2.1461	
266.0000	2.1875	
267.0000	1.7160	
268.0000	1.8261	
269.0000	2.1703	
270.0000	2.1271	
271.0000	2.2253	
272.0000	2.2148	
273.0000	2.1553	
274.0000	1.7993	
275.0000	1.6721	
276.0000	2.1492	
277.0000	2.1553	
278.0000	2.2014	
279.0000	2.2041	
280.0000	2.1271	
281.0000	1.7924	
282.0000	1.6902	
283.0000	2.1206	
284.0000	2.0899	
285.0000	2.1875	
286.0000	2.1959	
287.0000	2.0719	
288.0000	1.6902	
289.0000	1.6532	
290.0000	2.2577	
291.0000	2.2095	
292.0000	2.2504	
293.0000	2.1761	
294.0000	2.0934	
295.0000	1.8573	
296.0000	1.7482	
297.0000	2.1931	
298.0000	2.2695	
299.0000	2.1038	
300.0000	2.0719	
301.0000	2.0128	
302.0000	1.8513	
303.0000	1.7324	
304.0000	2.1761	
305.0000	2.1523	
306.0000	2.2014	
307.0000	2.1271	
308.0000	2.0569	
309.0000	1.7076	
310.0000	1.7559	
311.0000	2.1038	
312.0000	2.1790	
313.0000	2.2355	
314.0000	2.0492	
315.0000	2.1106	
316.0000	1.7993	
317.0000	1.7709	
318.0000	2.1461	
319.0000	2.1818	
320.0000	2.1523	
321.0000	2.1206	
322.0000	2.0719	
323.0000	1.6435	
324.0000	1.6902	
325.0000	2.2068	
326.0000	2.0899	
327.0000	2.1106	
328.0000	2.1367	
329.0000	1.9542	
330.0000	1.7482	
331.0000	1.6902	
332.0000	2.1492	
333.0000	1.8513	
334.0000	2.0569	
335.0000	2.1818	
336.0000	2.1461	
337.0000	1.7076	
338.0000	1.7559	
339.0000	2.0755	
340.0000	2.1523	
341.0000	2.1644	
342.0000	2.1614	
343.0000	2.1335	
344.0000	1.7924	
345.0000	1.6990	
346.0000	2.1461	
347.0000	2.1703	
348.0000	2.1584	
349.0000	2.1303	
350.0000	2.1206	
351.0000	1.7324	
352.0000	1.6021	
353.0000	2.0864	
354.0000	2.1430	
355.0000	2.1523	
356.0000	2.0828	
357.0000	1.8062	
358.0000	1.4914	
359.0000	1.6021	
360.0000	1.9494	
361.0000	1.9294	
362.0000	1.9494	
363.0000	1.8751	
364.0000	1.6628	
