null#
# M e s s w e r t t a b e l l e  der Reihen:
#
# en___Apache_ZooKeeper_BIN=24_log10 [365,365] Werte
#
#
Y	Y	
0.0000	0.0000	
1.0000	0.6990	
2.0000	0.0000	
3.0000	0.6990	
4.0000	0.6990	
5.0000	0.6021	
6.0000	0.4771	
7.0000	0.4771	
8.0000	0.3010	
9.0000	0.0000	
10.0000	0.3010	
11.0000	0.6021	
12.0000	0.9031	
13.0000	0.6990	
14.0000	0.3010	
15.0000	0.7782	
16.0000	0.4771	
17.0000	0.4771	
18.0000	0.3010	
19.0000	0.6990	
20.0000	0.8451	
21.0000	0.9031	
22.0000	0.0000	
23.0000	0.0000	
24.0000	0.7782	
25.0000	0.6990	
26.0000	0.8451	
27.0000	0.9031	
28.0000	0.6021	
29.0000	0.4771	
30.0000	0.3010	
31.0000	0.8451	
32.0000	1.5051	
33.0000	1.9138	
34.0000	1.2041	
35.0000	1.1461	
36.0000	1.0414	
37.0000	1.0792	
38.0000	1.0792	
39.0000	1.2553	
40.0000	1.2553	
41.0000	1.2788	
42.0000	1.0414	
43.0000	0.9542	
44.0000	0.9542	
45.0000	1.1139	
46.0000	1.2304	
47.0000	1.1461	
48.0000	0.9031	
49.0000	1.1761	
50.0000	1.0792	
51.0000	1.0000	
52.0000	1.2553	
53.0000	1.5185	
54.0000	1.6532	
55.0000	1.3802	
56.0000	1.2041	
57.0000	1.5315	
58.0000	0.9542	
59.0000	1.1761	
60.0000	1.2788	
61.0000	1.2041	
62.0000	1.4150	
63.0000	1.5315	
64.0000	1.2788	
65.0000	1.2788	
66.0000	1.1761	
67.0000	1.4314	
68.0000	1.2304	
69.0000	1.5798	
70.0000	1.1461	
71.0000	1.3979	
72.0000	1.2553	
73.0000	1.4314	
74.0000	1.3424	
75.0000	1.4914	
76.0000	1.4771	
77.0000	1.3802	
78.0000	2.0128	
79.0000	1.1139	
80.0000	1.3424	
81.0000	1.3010	
82.0000	1.3617	
83.0000	1.3424	
84.0000	1.3222	
85.0000	1.1761	
86.0000	1.1761	
87.0000	1.4624	
88.0000	1.2304	
89.0000	1.2553	
90.0000	1.3424	
91.0000	1.3617	
92.0000	1.0000	
93.0000	0.7782	
94.0000	1.2304	
95.0000	1.2553	
96.0000	1.3802	
97.0000	1.0414	
98.0000	1.3802	
99.0000	0.7782	
100.0000	1.3802	
101.0000	1.2553	
102.0000	1.3424	
103.0000	1.2788	
104.0000	1.2788	
105.0000	1.3424	
106.0000	1.0792	
107.0000	0.6990	
108.0000	1.1761	
109.0000	1.3222	
110.0000	1.3802	
111.0000	1.4472	
112.0000	1.3222	
113.0000	1.2304	
114.0000	0.7782	
115.0000	1.1461	
116.0000	1.3010	
117.0000	1.2304	
118.0000	1.3424	
119.0000	1.4624	
120.0000	1.1461	
121.0000	1.0000	
122.0000	1.0792	
123.0000	1.4914	
124.0000	1.4472	
125.0000	1.7324	
126.0000	1.4624	
127.0000	1.1139	
128.0000	1.3010	
129.0000	1.4771	
130.0000	1.3802	
131.0000	1.3617	
132.0000	1.3222	
133.0000	1.3617	
134.0000	1.2553	
135.0000	1.1761	
136.0000	1.3222	
137.0000	1.2553	
138.0000	1.2041	
139.0000	1.3979	
140.0000	1.3222	
141.0000	1.1139	
142.0000	1.4624	
143.0000	1.4624	
144.0000	1.3979	
145.0000	1.0000	
146.0000	1.3010	
147.0000	1.3222	
148.0000	0.6990	
149.0000	0.9542	
150.0000	1.0414	
151.0000	1.4314	
152.0000	1.6902	
153.0000	1.6128	
154.0000	1.2041	
155.0000	1.0000	
156.0000	1.1139	
157.0000	1.4150	
158.0000	1.3617	
159.0000	1.4624	
160.0000	1.4314	
161.0000	1.0792	
162.0000	0.0000	
163.0000	0.3010	
164.0000	0.6021	
165.0000	1.0000	
166.0000	1.1761	
167.0000	0.9542	
168.0000	1.2788	
169.0000	1.1139	
170.0000	0.7782	
171.0000	1.4314	
172.0000	1.4624	
173.0000	1.3979	
174.0000	1.2553	
175.0000	1.3010	
176.0000	1.1139	
177.0000	0.6990	
178.0000	1.0792	
179.0000	1.3010	
180.0000	1.6435	
181.0000	1.5185	
182.0000	1.2041	
183.0000	1.0414	
184.0000	1.0792	
185.0000	0.4771	
186.0000	1.3802	
187.0000	0.7782	
188.0000	0.0000	
189.0000	0.0000	
190.0000	1.0000	
191.0000	0.9031	
192.0000	1.3979	
193.0000	1.2553	
194.0000	1.2041	
195.0000	1.3010	
196.0000	1.1461	
197.0000	0.9542	
198.0000	1.0792	
199.0000	1.0792	
200.0000	1.2553	
201.0000	1.2788	
202.0000	1.3617	
203.0000	1.2553	
204.0000	0.9542	
205.0000	1.0000	
206.0000	1.5441	
207.0000	1.3802	
208.0000	1.5682	
209.0000	1.5911	
210.0000	1.4314	
211.0000	1.0792	
212.0000	1.0000	
213.0000	1.3802	
214.0000	1.4914	
215.0000	1.3617	
216.0000	1.5563	
217.0000	1.5798	
218.0000	1.1461	
219.0000	1.2304	
220.0000	1.3010	
221.0000	1.2553	
222.0000	1.3010	
223.0000	1.0414	
224.0000	1.1461	
225.0000	0.8451	
226.0000	1.3010	
227.0000	1.2788	
228.0000	1.1761	
229.0000	1.2041	
230.0000	1.2304	
231.0000	1.2553	
232.0000	0.7782	
233.0000	0.8451	
234.0000	1.3010	
235.0000	1.3617	
236.0000	1.2304	
237.0000	1.5563	
238.0000	1.2041	
239.0000	0.8451	
240.0000	1.2041	
241.0000	1.3424	
242.0000	1.3010	
243.0000	1.2788	
244.0000	1.4771	
245.0000	1.3010	
246.0000	0.9031	
247.0000	0.9542	
248.0000	1.1761	
249.0000	1.2041	
250.0000	1.3802	
251.0000	1.3424	
252.0000	1.0414	
253.0000	0.9542	
254.0000	0.9542	
255.0000	1.2304	
256.0000	1.3222	
257.0000	1.3979	
258.0000	1.4150	
259.0000	1.3617	
260.0000	0.9542	
261.0000	0.6990	
262.0000	1.2041	
263.0000	1.1461	
264.0000	1.1461	
265.0000	1.3222	
266.0000	1.1761	
267.0000	1.0414	
268.0000	0.6021	
269.0000	1.1139	
270.0000	1.1461	
271.0000	1.2553	
272.0000	1.0792	
273.0000	1.2788	
274.0000	0.8451	
275.0000	0.4771	
276.0000	1.2041	
277.0000	1.3802	
278.0000	1.2304	
279.0000	1.2041	
280.0000	1.1761	
281.0000	1.3010	
282.0000	0.9031	
283.0000	1.3617	
284.0000	1.3617	
285.0000	1.2041	
286.0000	1.3979	
287.0000	1.2041	
288.0000	0.9542	
289.0000	0.9031	
290.0000	1.0792	
291.0000	1.3979	
292.0000	1.3802	
293.0000	1.3010	
294.0000	1.1461	
295.0000	0.9031	
296.0000	0.4771	
297.0000	1.1139	
298.0000	1.3617	
299.0000	1.2788	
300.0000	1.2041	
301.0000	1.3010	
302.0000	0.9542	
303.0000	1.1139	
304.0000	1.3979	
305.0000	1.0414	
306.0000	1.0414	
307.0000	1.3617	
308.0000	1.2788	
309.0000	0.6990	
310.0000	1.8921	
311.0000	1.3424	
312.0000	1.2788	
313.0000	1.0792	
314.0000	1.2304	
315.0000	1.2041	
316.0000	1.0000	
317.0000	0.9542	
318.0000	1.5315	
319.0000	1.6812	
320.0000	1.5051	
321.0000	1.3222	
322.0000	1.0414	
323.0000	0.9542	
324.0000	0.9542	
325.0000	1.3617	
326.0000	1.3617	
327.0000	1.3979	
328.0000	1.1761	
329.0000	1.0792	
330.0000	1.2304	
331.0000	0.8451	
332.0000	1.2788	
333.0000	1.0000	
334.0000	1.3222	
335.0000	1.3979	
336.0000	1.2304	
337.0000	1.0792	
338.0000	1.3802	
339.0000	1.3010	
340.0000	1.2788	
341.0000	1.2788	
342.0000	1.4624	
343.0000	1.2788	
344.0000	0.6990	
345.0000	0.8451	
346.0000	1.2304	
347.0000	1.4314	
348.0000	1.4314	
349.0000	0.7782	
350.0000	1.2041	
351.0000	0.4771	
352.0000	1.2304	
353.0000	1.0000	
354.0000	1.3617	
355.0000	1.2788	
356.0000	0.9542	
357.0000	0.6021	
358.0000	0.6021	
359.0000	0.8451	
360.0000	1.2041	
361.0000	1.0414	
362.0000	1.1139	
363.0000	1.1139	
364.0000	1.0792	
